%YAML:1.0
R: !!opencv-matrix
   rows: 3
   cols: 3
   dt: d
   data: [ 9.9994285263983773e-01, 9.1073373482351474e-03,
       5.5989160494822280e-03, -9.1149920395207362e-03,
       9.9995755549353149e-01, 1.3431796306926345e-03,
       -5.5864456162377594e-03, -1.3941369467434697e-03,
       9.9998342386639116e-01 ]
T: !!opencv-matrix
   rows: 3
   cols: 1
   dt: d
   data: [ -3.5471626351876733e+00, 1.2989388725224136e-03,
       4.1805256058285889e-02 ]
R1: !!opencv-matrix
   rows: 3
   cols: 3
   dt: d
   data: [ 9.9994251958254166e-01, 8.7569838695064628e-03,
       -6.1864985595636596e-03, -8.7529112352713895e-03,
       9.9996145786285406e-01, 6.8507934056067353e-04,
       6.1922593474223386e-03, -6.3089008916516250e-04,
       9.9998062876331251e-01 ]
R2: !!opencv-matrix
   rows: 3
   cols: 3
   dt: d
   data: [ 9.9993049062741091e-01, -3.6616550118243095e-04,
       -1.1784728951107217e-02, 3.5841100421120300e-04,
       9.9999971789313535e-01, -6.6011756653349470e-04,
       1.1784967338833864e-02, 6.5584790563791545e-04,
       9.9993033977790047e-01 ]
P1: !!opencv-matrix
   rows: 3
   cols: 4
   dt: d
   data: [ 4.9537122594219767e+02, 0., 2.7611336517333984e+02, 0., 0.,
       4.9537122594219767e+02, 2.0880853080749512e+02, 0., 0., 0., 1.,
       0. ]
P2: !!opencv-matrix
   rows: 3
   cols: 4
   dt: d
   data: [ 4.9537122594219767e+02, 0., 2.7611336517333984e+02,
       -1.7572844509489200e+03, 0., 4.9537122594219767e+02,
       2.0880853080749512e+02, 0., 0., 0., 1., 0. ]
Q: !!opencv-matrix
   rows: 4
   cols: 4
   dt: d
   data: [ 1., 0., 0., -2.7611336517333984e+02, 0., 1., 0.,
       -2.0880853080749512e+02, 0., 0., 0., 4.9537122594219767e+02, 0.,
       0., -2.8189586818155765e-01, 0. ]
F: !!opencv-matrix
   rows: 3
   cols: 3
   dt: d
   data: [ -4.7210905362785151e-09, 5.2839189163823542e-07,
       -1.1250152389154236e-04, -2.7778793266758067e-07,
       5.7711602222870654e-08, -2.1513987089505825e-02,
       -1.1778399943426067e-04, 2.1113973169401976e-02, 1. ]
