%YAML:1.0
M1: !!opencv-matrix
   rows: 3
   cols: 3
   dt: d
   data: [ 4.8162754672438939e+02, 0., 2.9968513145425709e+02, 0.,
       4.8127317013921873e+02, 2.0128364356057983e+02, 0., 0., 1. ]
D1: !!opencv-matrix
   rows: 1
   cols: 8
   dt: d
   data: [ 6.5503048406368748e+01, -8.9676380951124024e+00,
       1.0473010526420370e-03, 8.0936922172666805e-04,
       -7.0051671263534567e+00, 6.5994257395345912e+01,
       1.3916019962502959e+01, -1.5676080613822201e+01 ]
M2: !!opencv-matrix
   rows: 3
   cols: 3
   dt: d
   data: [ 4.7439794350614272e+02, 0., 2.6567189960664763e+02, 0.,
       4.7423910959173588e+02, 2.4084649559196524e+02, 0., 0., 1. ]
D2: !!opencv-matrix
   rows: 1
   cols: 8
   dt: d
   data: [ 5.3399152217996482e+02, -3.2574493252787715e+02,
       1.0222555631228525e-03, 1.4723967340295500e-04,
       1.1988064623560295e+02, 5.3125587327350377e+02,
       -1.5733044760096587e+02, 2.6184112928740777e+01 ]
